14.3	15.4	0.31
15.9	17.2	0.647
15.6	18.4	1.191
12.6	14.7	1.377
9.3	11	1.688
10.7	10.3	1.861
12.6	11.4	2.731
11.8	12.6	2.561
13.1	11.1	1.941
15.4	13	2.001
14.4	15.2	2.268
14.8	14	1.66
16.9	14.2	1.293
16.2	14.2	1.115
14.6	13.7	0.968
11.3	12.7	0.976
11.1	10.9	1.04
8.5	8.9	1.101
9.3	9	1.41
9.9	10.6	1.76
13.2	12.8	1.533
15.3	17.2	1.616
17	11.7	2.002
17.3	12.6	2.228
15.8	13.3	2.483
13.5	10.4	2.384
13	9.5	2.035
13.7	9.3	3.596
13.7	11.8	4.346
12.4	8.2	3.916
12.7	10.3	2.976
9.2	7.4	2.906
9	9.2	3.187
8	5.7	2.234
7.3	7.7	1.525
5.1	5.2	0.803
6.5	3.8	0.525
7.5	6.1	0.686
9.5	9.1	0.125
13.7	13.7	0.128
13.2	13.3	0.106
10.9	10.9	0.104
12.6	13.3	0.109
12.5	12.6	0.102
9.9	8.6	0.113
12.3	10	0.125
9.5	9.5	0.15
7.3	5.8	0.189
5.8	6.2	0.198
6.5	4.9	0.229
5.8	5.8	0.431
9.1	9.5	0.689
9.4	8.8	0.772
7.8	8.6	0.831
7.2	7.5	0.943
7.4	8.1	0.978
6.9	3.9	1.019
7.7	8.2	1.133
7	8.2	1.147
7.5	7.7	1.147
4.5	4	1.108
4.4	5.2	1.026
3.9	5	1.036
1.9	2.9	1.06
2.9	3.5	1.042
0.5	1.2	0.975
-0.1	0.4	0.914
-1.7	-0.3	0.91
-0.7	-0.4	0.899
1	-0.1	0.924
-0.4	1.1	1.007
-0.6	0.4	1.001
-6.7	-4.8	1
-3.2	-1.9	0.788
-0.5	0	0.332
-1.7	-2.4	0.509
-1.1	-1.4	0.646
-1.7	-0.4	0.689
-1.1	-0.9	0.824
1.2	-4.6	0.902
-1.6	-5.2	1.023
0.4	0.7	0.954
1.2	0.5	0.91
2.4	2	0.869
2.1	2.6	1.074
2.7	4.1	1.231
2.8	4.2	1.28
1.3	1.2	1.539
-1.4	-0.5	2.077
-1	0	1.745
0.1	1.2	1.353
1.2	1.9	1.127
1.6	2.9	1.171
2.2	3.7	1.215
0.7	2.5	1.246
-2	-1.7	1.271
-2	-0.7	4.935
-1.6	-0.9	7.993
0.9	1.8	4.718
-1.1	0.5	2.888
0.9	1.8	2.872
1.2	2.2	3.455
2.6	4.8	3.814
-0.5	0.6	4.699
1.1	-1.8	10.679
-2.3	-1.5	13.379
-3.7	-2.7	9.389
-6.3	-7.1	6.949
-7.7	-7	4.029
-5.2	-4.5	2.279
0.3	0	2.119
0.8	1.2	2.439
0.1	1.1	3.146
0.3	0.7	3.31
0	0.6	3.219
-2.1	-0.9	3.077
-1.1	0.3	2.78
-1.8	-4.8	2.04
-0.8	-5	2.01
-3.8	-6.6	1.77
-6.7	-8.8	1.38
-6.2	-7.3	1.8
-3	-4.3	1.77
-6	-3.6	1.6
-4.1	-4.4	1.53
-5.2	-5	1.59
-4.6	-3.7	1.53
-1.7	-1.1	1.59
-5	-3.4	1.53
-1.7	-1.3	1.55
0.6	2.5	1.332
-12.2	-8.6	1.41
-15.4	-14.4	1.68
-12.5	-14.6	1.81
-9.4	-8.5	1.82
-8	-7.8	1.77
-7.3	-7.3	1.65
-8	-8.5	1.64
-7.9	-10.8	1.55
-9.5	-11.9	1.291
-5.9	-5.2	1.18
-4.8	-4.7	1.175
-7.8	-6.8	1.156
-5.8	-4.5	1.109
-4.8	-4	1.126
-10.2	-10.3	1.173
-11.4	-12.2	1.175
-1.9	-1.2	1.175
0.7	2.2	1.19
-1.3	-0.1	1.238
-0.4	-0.1	1.286
-0.7	-2	1.63
-1.9	-2.6	2.49
-1	-0.9	2.77
-3.2	-3.4	2.57
-1.7	-1.2	2.3
0.2	0.4	2.02
1.4	2.9	2.056
2	1.8	2.202
3.4	2.6	2.423
4.4	3.2	3.804
1.3	1.6	6.623
-0.1	0.4	6.558
-2.1	-1.3	7.276
-1.9	-0.8	7.192
-2.9	-2.7	6.46
-4.5	-3.2	5.037
-4.8	-3	3.461
-3.5	-3.1	1.933
-2.2	-1.3	1.794
-3.5	-3	2.076
-1.6	-1	1.557
-1.7	-1.6	1.353
-3.2	-2.5	1.317
-0.8	-0.1	1.449
-1.2	-2.3	1.449
-3.3	-3.8	1.709
-0.9	0.3	2.049
1.5	2.2	2.051
2.1	2.4	3.569
-4.7	-4	8.5
-4.8	-4	10.9
-2.8	-1.7	8.9
-1.8	-0.4	6.7
0.8	2.3	5.55
0.2	2.1	4.6
0.7	1.7	4.45
0	0.4	4.45
-0.4	1.1	4.28
1.3	2.1	4.46
1	0.2	5.05
0.7	0	7.23
1.9	2	8.97
2.3	3.4	10.112
5.2	6.4	16.892
9.1	8.1	22.869
6.8	5.6	51.915
7.5	7.4	78.427
8.2	9.3	101.718
8.5	10.2	107.627
9.6	10.9	108.619
10.5	11	101.619
8.2	9.4	95.719
4.5	4.8	86.613
4	4.7	59.94
4.5	5.8	37.165
4.9	6.4	27.083
8.3	9.8	21.343
7.2	7.6	17.04
3.5	5.5	14.64
5.4	7.1	11.74
4.7	6.3	12.24
6.9	8.2	14.04
7	8.4	12.643
8.8	9.1	11.376
10.5	12.1	10.272
10.7	11.4	8.448
9.7	10.4	7.371
11.7	12.4	9.161
12.9	13.9	8.991
14.1	14.7	8.331
15.4	15.4	8.061
11.9	12.9	7.321
13.9	14.2	5.921
17.6	17.2	5.701
16.9	17.9	5.701
16.3	17.7	5.698
10.6	11	5.502
6.6	9.3	5.51
5.8	7	6.032
8.7	10.8	6.41
12	14.2	5.62
15	14.4	5.509
14.7	15.4	5.659
16.9	15.4	5.456
16.5	15.5	4.56
15.9	15.6	3.783
16.2	14.8	2.243
16.3	17.1	2.47
14.1	14.9	2.808
14.3	16.1	2.638
16.4	15.9	2.352
14.7	14.9	2.239
13.4	14.4	2.189
14.4	15.4	2.151
15.9	16.7	2.25
14.5	16	2.259
15.7	16.3	2.262
13.2	15.9	1.85
13	15.1	2.061
12.8	15.2	2.811
18.8	18.5	2.911
13.8	15.7	2.831
11.9	13.8	2.811
12	13	2.401
11.2	12.4	2.171
12.3	14.2	2.101
13.1	14.9	2.271
10.8	13	2.621
9	10.4	3.161
8.2	10	3.371
7.1	10.3	3.171
13.1	14.6	3.041
13.8	14.1	2.831
9.4	11.2	2.54
8.3	9.8	2.312
9.9	12.3	1.97
11.1	13	1.47
13.1	14.2	1.42
16.2	16	1.509
15.1	17.3	1.571
18.3	19.5	1.499
20.8	22.9	1.429
22	22.6	1.361
22.2	22.8	1.306
22.4	24.9	1.267
21.7	23.5	1.266
18.8	20.5	1.236
17.7	20.5	1.163
22.8	23.5	1.19
22.2	24.9	1.262
23.4	24.5	1.239
21.8	24.6	1.263
19.4	21.8	1.831
21.9	24.1	2.451
25.4	24.7	1.603
23.8	24.8	1.792
20.5	24.2	1.474
18	20.2	1.338
20.8	22.1	1.322
15.4	16.5	1.25
18.6	15.4	1.566
19.4	19.7	2.306
20.4	21.3	2.545
21.4	22.6	2.176
22.4	23.4	1.584
23.3	24.1	1.053
23.1	23.7	1.008
21.8	22.8	0.885
21	22	0.699
23	24.2	0.507
24.5	24.6	0.557
22.5	22.3	0.597
20.2	21.1	0.693
20.4	21	0.778
19.1	19.6	1.082
17.5	18.5	1.253
20.9	20.2	1.237
21.4	24.1	1.173
24.2	26.3	0.99
26.1	27.2	0.881
24.5	25.5	0.688
25.1	26.5	0.556
25.8	24.1	0.471
22.2	24	0.394
24.5	25.9	0.395
25	26.8	0.441
27.2	28	0.465
26.3	24.5	0.506
22.6	23.2	0.4
22.4	23.8	0.423
22	23.5	0.388
20	20.9	0.39
17.5	17.4	0.325
14.7	15.2	0.307
14.1	15.9	0.292
14.7	16.2	0.364
16.2	17.4	0.359
16.8	17.8	0.502
16.9	18.1	1.716
17.8	17.2	3.89
16.7	17.3	3.656
14.9	15.4	2.669
13.6	14.9	1.389
14.2	14.2	1.2
14.9	16	0.913
14.8	16.2	0.832
20	18.9	0.697
22.7	22.3	0.66
20.3	21.3	0.696
21	19.3	0.691
18.1	17.4	0.69
16.7	15.9	0.71
14.3	15.3	0.667
14.3	15.6	0.692
16.2	15.3	0.601
15	16.2	0.537
14.6	15.4	0.628
14.7	14.3	0.757
14.3	14.8	0.868
10.5	10.8	0.993
11.7	12.1	1.654
12.2	12.3	3.013
14.4	15.4	3.23
19	19.4	2.68
17.7	19.1	2.28
20.1	20.8	1.83
15.6	15.7	1.41
16.2	16.5	1.34
21.4	21	1.176
13.3	13.4	1.092
12.7	11.9	1.011
16.2	15	0.984
17.7	16.4	0.953
18.7	16.9	0.869
18.6	16.6	0.569
19.4	19	0.546
20.9	21.1	0.562
19.8	19.3	0.67
19.7	19.1	0.766
17.1	16.2	0.589
16.9	17.2	0.52
14	13.3	0.459
16.8	14.3	0.358
17.3	16.7	0.345
17.5	16.6	0.438
19.1	17.5	0.416
19.2	18.3	0.394
19	16.8	0.374
15.7	15.3	0.315
15	15	0.264
15.6	13.3	0.272
16.9	15	0.261
14	13.1	0.334
14.2	15.7	0.391
15	15.5	0.633
11.3	12.6	0.929
10.4	11.3	1.091
11	11.3	1.198
11.3	12.1	1.351
9.8	9.2	1.306
12.2	10.7	1.207
13.4	11.7	2.548
15.5	14	3.6
12.7	10.3	3.561
12.6	12.2	3.448
11.9	12.2	3.399
7.7	7.7	3.099
8.8	7.4	2.05
7.5	5.9	1.3
8.3	5.9	0.872
10	10.8	0.72
9.4	7.7	0.507
11.2	9.4	0.191
13.7	13	0.176
14.5	15.1	0.155
13.4	13.6	0.169
11.7	10	0.264
14.3	12.9	0.304
14.2	14.8	0.339
10.1	11.4	0.353
10.5	11.8	0.408
4.3	5.5	0.458
6.9	8	0.435
4.3	5.3	0.842
-1.3	-0.1	1.047
-2.6	-1	1.246
1.3	3	1.522
7.3	8.3	1.451
8.7	9.6	1.522
5.4	4.9	3.304
6.6	6.5	4.845
6.9	7.6	3.783
4.5	4.4	2.765
4.1	5.4	2.361
4.6	5.5	2.501
5.5	6.3	2.543
9.8	10.8	2.194
10.5	9.6	2.807
10.6	9.9	4.85
9	9.4	5.459
8.7	8.4	4.454
9.1	8.8	2.813
5	5.3	1.953
5.2	5.1	1.96
5.7	6	1.91
4.8	6.6	1.46
7.9	8.6	0.981
9	9.5	1.167
9.9	10.1	1.257
9.3	10	1.32
8.7	9.2	1.33
7	7.9	1.32
7	7.9	1.231
5.6	5.6	1.227
4.1	4.7	1.165
3.8	3.8	1.121
5.8	6.9	1.125
8.1	9.4	1.132
8	8.5	1.216
7	6.7	1.316
7.3	7.3	1.341
6.9	5.7	1.349
4.1	4.7	1.372
1.4	1	1.46
2.8	4.2	2.081
3.4	4.8	2.501
5.6	3.1	2.635
2.4	1	4.333
1.4	1	4.265
2.2	2.7	3.406
0.6	1.7	2.802
-0.3	-0.6	2.523
1.9	2.8	2.348
2.6	1.3	1.872
0.7	1.6	1.499
1.8	3	1.669
-0.3	0.8	1.729
0.9	2.4	1.699
0.2	-0.2	1.769
-5.3	-3.4	1.689
-3.4	-2.4	1.649
0.3	0.9	1.609
-0.6	-0.3	1.609
4	5.6	1.599
5.4	7.1	1.609
1.2	2.5	1.841
2.5	3.4	3.189
3.7	4.9	5.04
5.3	6.4	5.392
6.8	8.1	5.53
5.9	7.1	6.428
4.6	5.2	8.468
9	10.4	12.108
10.2	11.2	11.325
6.7	7.7	9.822
6.1	7.2	8.559
9.7	10.7	7.472
5.6	5.5	6.982
1	1.8	6.763
0.8	0.2	5.942
3.8	3.9	4.571
11.7	13.1	4.602
6.6	7.9	4.366
8.5	10.5	7.374
5.2	6.2	15.206
1.5	1.6	14.537
-2.4	-1.6	12.437
-3.3	-2.2	8.016
-4.8	-7.8	8.034
-7	-6.3	7.276
-4.3	-3	5.917
0.6	2.2	5.333
2.1	3.3	5.206
3	4.8	6.309
2.9	4.7	19.995
3.5	4.3	24.189
2	3.1	21.838
3.3	3.9	19.478
3.9	4.4	16.601
1.9	2.6	14.604
0.5	1.2	12.704
-0.3	0.9	11.006
2.5	4.2	8.236
2.9	4.1	7.375
3.6	3.7	10.55
3.8	5.3	13.378
6.2	6.7	13.668
5.8	7	12.266
5.8	6.5	11.666
3.3	4.5	12.166
2.9	3.8	12.166
2.7	2.3	15.757
2.7	2.9	17.947
1	1.3	15.609
2.7	3.1	12.137
5.1	4.2	10.337
5.4	4	9.436
2.9	3.3	7.724
3	3.6	6.792
2.3	3.5	7.006
2.8	4.2	6.76
3.3	4.4	5.765
5.3	8	5.601
6.5	8.1	6.511
4.1	5.9	12.821
2.9	4.8	19.621
3.3	4.6	20.621
5.6	6.2	21.213
7.9	7.1	22.615
11	11.2	17.635
7	7.4	14.706
6.6	6.7	12.404
3.9	3.6	11.101
4.7	3.4	9.063
9.2	6.6	8.305
10	8.4	7.765
8	7.3	6.226
6	4.6	5.268
7.1	3.5	5.672
6.1	8.2	5.741
7.9	9.4	5.631
2.9	3.8	5.671
1.5	3.3	5.741
1.2	2.5	6.121
2.3	3.6	6.641
5.6	4.4	7.231
7.1	7.5	6.971
9.4	8.5	7.281
9.2	8.4	7.575
10.6	9	6.933
9.6	7.8	6.173
7.5	6.2	5.675
8.9	7.8	4.931
10.7	9.7	4.691
11.9	10.6	4.611
12.5	9.8	4.431
8	8.9	3.701
4.8	5.4	3.241
6.9	7.8	3.571
8.5	10	3.571
7.8	7.9	3.421
6.7	6.5	3.471
10.8	11.7	3.071
10.9	11.9	3
11.1	9.4	2.161
14	13.4	2.135
16.5	15.5	2.498
17.1	15.4	2.601
16.2	15.1	2.564
16.3	13.4	2.524
17.4	16.7	2.491
8.2	8.5	2.358
8.7	9.2	2.116
8.1	7.5	2.146
7.9	8.6	2.046
11.6	10.5	2.026
16.7	13.5	1.936
14.4	15.4	1.846
16.1	13.8	1.613
17.3	16.6	1.248
18.2	16	1.444
19.5	16.3	1.604
12	11.7	1.584
12.5	10.4	1.614
8.2	8.1	1.474
10.2	11.5	1.508
15.4	13.9	1.451
17	16.2	1.431
16.2	15.8	1.401
12	13.2	1.349
14.1	14.6	1.231
10.4	11	1.153
10.2	12	1.303
14	15.6	1.709
16.6	17.9	1.899
12.9	12.6	1.759
19.2	18.2	1.819
21.8	21.3	1.819
12.8	13	1.779
9.8	11.2	1.679
8.3	10.2	1.999
10.2	10.6	2.329
14.4	19	2.439
21.5	20.1	2.379
22.1	22.2	2.219
20	21.5	2.039
18.6	19.6	1.849
21.7	21.2	1.579
24.5	23.9	2.602
20.8	21.2	2.768
20.4	21.2	2.491
20.7	20.5	2.238
14.4	13.9	2.112
11.9	12.4	1.969
14.9	15.5	1.709
17.7	18.5	1.559
17.2	17.5	1.438
16.2	16.6	1.326
16.5	17.8	1.575
19.7	19	2.043
21.1	20.2	2.291
21.2	20.9	2.059
23.8	23	1.787
23.3	23.2	1.585
22.4	21.4	1.423
22.3	23.1	1.246
21	21.3	1.086
20.1	21.6	1.199
19.8	21.7	1.166
23.2	23.3	1.051
17.4	17.7	0.957
19.8	20.6	0.864
19.3	20	0.794
21.2	21.1	0.757
25.6	25.4	0.747
20	21.8	0.7
15.9	17.1	0.605
16.7	16.9	1.769
17.7	19.4	3.384
20.7	20.4	2.399
14.6	15.6	1.982
13.4	14.1	3.818
13.7	15	3.771
14.6	16.5	3.131
18.1	19.1	2.181
20.8	21.8	1.168
17.8	18.2	0.857
18.8	20.3	0.844
14	14.8	0.915
13.8	14.8	1.359
14.1	15.1	2.904
17	17.9	3.769
17	19.1	3.596
16.9	17.3	3.012
12.8	13.5	1.743
12.4	15.1	1.566
13.9	14.7	5.218
16.8	18.5	7.778
22.6	23.8	6.301
27.4	26.8	4.341
28.8	28	2.726
26.9	27.9	1.879
20.7	21.4	1.664
23.1	23.1	1.676
25.4	24.7	1.716
22.7	23.2	1.719
17.9	19.7	1.639
22.1	21.1	1.519
17.4	18.9	1.456
15.7	16.7	1.167
19.2	22.1	1.111
20.7	21.9	1.135
19.5	20	0.978
17.2	18.4	0.79
13.9	14.5	0.913
12.9	14.5	0.798
16	15.6	0.827
22.5	23.3	0.853
16.8	17.7	0.847
16.3	17.5	0.816
19.5	19.2	0.752
22.8	23.1	0.624
24.1	24.1	0.37
24.5	24.6	0.325
23.4	22.8	0.267
17.6	19.9	0.228
18.7	19.5	0.284
18.1	19	0.418
19.7	20.5	1.13
20	20.4	2.735
22.4	23.1	1.137
21	19.9	0.629
16	17.5	0.61
17.6	18.2	0.662
22.3	21.3	0.618
19.4	20.3	0.491
19.5	18.5	0.939
19.7	19.2	1.021
22.5	22.9	1.011
18.7	20	0.948
20.6	20.5	1.648
19.6	20.4	2.83
17	18.1	1.88
13.9	15.7	1.42
14.6	14.9	1.171
14.2	14.7	1.084
13.7	14.5	0.943
14.5	15.5	0.843
16.1	17.2	0.824
12.8	13.8	0.842
9.5	9.4	0.853
11.3	11.6	0.927
13.9	14	0.921
14.4	14.5	1.92
13.5	14.6	2.39
13	13.3	1.79
11.2	11.9	1.44
12.1	12.5	1.27
12.5	13	1.206
11.1	12.6	1.244
12.8	13.1	1.212
12.7	11.8	1.041
12.6	12.1	0.509
16.4	17.4	0.519
13	13.8	0.571
7.6	8.4	0.637
9.4	9.2	0.747
13.4	12.3	0.919
14.2	14.2	0.895
16.4	14.3	0.86
16.2	15.2	0.864
11.8	11.6	0.863
10.8	11.2	0.825
12.7	12.2	0.899
12	12.4	1.103
12.4	13.3	2.064
13.1	13.2	3.372
14.5	14.2	4.562
14.2	15	3.754
13.4	13.9	3.125
13.4	14.5	2.585
11.3	11.6	2.255
9.5	8.8	2.695
9.3	9.4	4.385
10.7	10.3	5.135
8.9	9	5.769
9.9	8.3	6.014
6.8	5.6	5.629
8.3	8.5	4.746
6	6.4	4.158
4.9	4	3.465
8.2	6.2	2.996
10.1	8.8	2.18
11.3	10.7	1.771
6.6	7.4	1.861
3.8	4.6	1.871
4.3	5.1	1.269
3.9	4.5	0.314
3.8	4.7	0.306
5.5	5.2	0.297
7.8	7.9	0.317
7.2	7.6	0.312
8.7	8.6	0.334
7.6	7.4	0.436
7.9	8	0.973
8.9	9.7	1.168
9.2	9.9	1.42
6.6	5	1.58
7.1	7.1	1.45
9.3	9.6	1.527
10.6	11.9	1.457
6.9	7.6	1.438
3.3	2.5	1.382
2.7	4.2	1.369
3.9	4.9	1.416
5.6	7.2	1.525
4	5.2	3.146
0.5	1.4	6.544
0.2	0.8	8.192
0.5	1.8	10.712
0.9	2.3	9.678
0.4	0.8	8.196
-1.2	-0.8	8.847
-2	-1.6	12.457
-0.5	0.5	13.056
-0.4	-0.3	8.512
2.7	1.2	6.57
2	2.7	5.64
1.3	1.8	5.39
2.4	3	5.44
5	5.8	5.85
2.1	3.5	6.43
1.2	2.7	8.073
-0.2	1.2	12.271
-0.1	-0.2	11.473
-2.1	-3.5	10.558
-1.7	-1.6	9.267
1.3	2.3	6.024
3	2.9	5.103
5.8	7.6	5.462
5.3	6.5	6.938
3.1	3.7	11.54
4	4.8	29.44
6.5	7.7	26.836
8.1	9.5	18.786
4.7	5.7	15.782
2.2	3.1	22.884
3.9	3.8	23.608
3.2	4.3	18.71
4	4.8	13.206
1.6	2.8	10.965
-0.6	0.8	9.298
-1.2	0.1	8.108
-2.5	-2.6	7.618
-2.2	-0.2	5.392
-2.2	-2.9	4.83
-4.7	-4.3	5.1
-5.1	-4.1	4.86
-5.8	-5.7	4.78
-4.6	-4.2	4.487
-5.6	-4.4	4.353
-4.7	-3.6	4.187
-2.9	-1.4	4.066
-3.4	-4.2	3.724
-4	-3.1	3.244
-2	-0.9	3.154
-3.9	-2.9	3.174
-2.2	-1.2	3.104
-0.4	0.6	3.024
-0.5	-0.5	2.994
-2.6	-3.3	3.024
-2.9	-2.4	3.024
-3.4	-2.4	2.901
-4	-3.2	2.213
-2.3	-1	2.16
-0.4	-3.2	2.41
1.6	1.2	2.648
0.5	0.2	2.939
1.9	1.6	2.793
0.9	0.8	3.14
1.6	1.3	2.93
3.4	1.8	2.843
3.1	3.6	2.436
2.6	3	2.119
2.8	3.2	2.379
3.4	2.2	2.569
3.9	5.3	3.289
8.4	10.1	3.779
9	10.2	5.572
8.3	9.3	26.018
3.2	3.6	32.41
1.4	1.6	26.481
3.2	4.2	18.78
2.8	4.3	14.291
4.6	5.7	9.4
4.9	6.3	8.16
2.5	4.4	7.91
3.8	4.2	11.102
2.3	3	13.809
1.6	2.9	11.071
3.3	5	9.78
2.2	3.5	8.638
1.8	1.3	8.157
6.3	5	8.107
4.5	4.6	7.425
6.4	7.6	6.427
3.8	4	5.847
1.7	1.6	6.565
3.9	4.1	7.776
2.9	1.1	7.536
1.4	1	7.069
2.5	0.8	6.578
-1.7	-1.5	5.762
0.1	1	4.841
-1.6	-1	5.074
-4.2	-4.6	5.194
-3.5	-3.2	4.916
0.5	2	4.427
2.3	1.4	4.155
3.6	1.8	4.243
4.7	6.8	4.161
8	9.1	3.811
7.8	7.7	3.521
9.3	9.4	3.721
6.1	5.8	3.891
9.8	9.5	3.721
6.9	8	3.631
4.3	4.5	3.505
5.1	5.8	4.037
7	8.1	4.07
7.2	8	5.18
5.9	5.6	26.93
1.2	2.9	35.229
-0.5	0.2	28.517
0.3	1	21.807
5	3.1	16.608
5.5	6	12.728
6.1	5.7	10.93
7.4	6.8	7.55
6.6	6.6	6.86
7.6	8.3	7.45
5.5	5.8	8.07
3.9	6.4	7.98
5.5	5.3	7.46
5.9	6.8	6.99
4.1	5.4	6.709
0.1	0.9	6.208
-0.1	0.9	6.396
0.4	2	6.487
1.6	3.4	6.586
2.5	3.6	7.009
1.7	2.7	8.387
0.7	1.8	11.115
-0.9	-0.7	11.815
-0.3	0.3	10.715
2.9	3.3	10.515
6.6	6.4	9.675
5.9	6.4	8.655
10.1	9.6	7.735
11.7	11.2	6.075
11.3	12.6	5.245
6.5	7.6	5.405
5	7.3	5.495
6.8	7.4	5.545
6.3	7.1	5.536
5.4	6.1	5.331
3.2	4	5.152
5.4	5.8	5.162
11.9	14.5	5.952
11.3	11.9	6.842
15.4	14.8	6.482
7.7	8.3	6.122
9.3	9.8	5.832
13	11.7	5.772
8.5	9.6	5.312
6.2	6.9	4.972
4.8	6.2	4.461
8.1	7.4	4.405
6.3	7.7	4.329
8.2	8.2	4.248
12.5	13	4.158
7.7	8.9	4.048
10.1	11.1	3.798
10.7	9.4	4.128
8.8	9.7	4.227
10.5	10.9	4.052
13.6	12.4	3.83
15.9	13.4	3.626
14.4	14	3.395
13.5	13.8	3.235
11.3	11.6	2.555
11.3	11.4	2.525
10.8	11.3	2.655
12.5	12.7	2.635
13.8	13.7	2.705
13.7	12.1	2.675
12.4	13.9	2.546
14.4	15.1	1.86
15.6	15.4	1.721
16.3	14.7	1.92
17.9	17.8	1.996
17.6	18.3	1.905
15.8	16.9	1.875
17.3	17.3	1.895
15.7	18.2	1.805
15.7	16.5	1.785
17.7	17.9	1.775
12.4	12.9	1.809
9.9	12.1	2.041
10	10.9	5.866
9.6	10.3	7.171
10.9	12.1	6.537
11.7	13.4	5.8
14.1	10.7	5.855
15.2	15.4	6.465
17.2	17.2	6.705
20.5	21.2	5.525
19	19.1	4.115
20.7	19.8	2.825
23.6	22.3	2.115
24	25.6	2.155
22.8	23.6	2.175
23.3	22.4	2.145
21	20.9	2.325
17.4	19	2.235
17.7	18.9	2.41
19.4	19.7	5.417
20.3	18.6	5.092
17.4	19	3.88
20	22.2	3.22
21	22	2.768
17.6	18.2	2.468
13.9	16.2	2.178
11.5	12.8	1.896
13.3	15	1.677
12.1	13.6	1.595
13	14.2	1.545
16.3	18.1	1.525
17.9	19.2	1.555
19.8	19.5	1.565
18.9	22.1	1.174
18.3	20.8	0.965
24.2	24.7	0.998
22.7	22.9	1.046
20.2	21.3	1.005
21.7	21.7	0.918
19.4	20.7	0.895
19.4	19.9	1.309
18.1	21.6	1.737
20.8	22.6	1.66
20.4	21.1	1.565
20.8	20.1	1.493
24.5	24.5	1.23
23.1	23.3	1.127
16.5	18.1	1.172
15.8	16.8	1.745
20	21.6	2.925
16.5	17.6	2.725
16.6	18.5	2.325
16.6	17.1	2.115
15.6	17.3	1.895
21.6	23	1.725
18	19.2	1.615
16.2	17	1.775
16.6	17.5	1.915
17.9	19.3	1.935
19.4	21	2.035
14.9	15.8	1.854
15.6	16.1	1.619
17.4	18.7	1.514
18.7	20.3	1.503
13.1	15.7	1.411
13.4	14.7	1.228
18.6	19	1.16
18	18.4	1.142
22.1	19.9	1.152
24.4	23.4	1.171
24.1	23.8	1.166
23.9	25.5	1.09
24.9	22.6	0.987
24.5	25.3	0.768
24.9	25.5	0.577
24.7	24.9	0.595
20.2	21.2	0.606
21.1	23.3	0.534
19.2	20.4	0.515
18.9	20.6	0.63
18.7	18.4	0.491
24	24.8	0.405
19.3	20.6	0.445
14.6	16.9	0.368
18.9	17.8	0.359
21	21.7	0.463
23	23.8	0.51
18.1	19.2	0.513
21.7	20	0.588
15.1	14.8	0.529
12.2	13.2	0.531
14.6	15.8	0.889
18.8	17.6	1.369
23.3	24.3	1.379
17.8	17.8	1.191
18.1	18.5	1.113
21.8	20.5	0.96
15.7	17.5	0.54
12.6	13.8	0.447
16	17	0.413
17.3	16.5	0.5
18.9	19.9	0.492
18	19.1	0.584
16.9	17.9	0.537
15.8	17	0.46
18.2	18.7	0.485
19	18.6	0.436
20.4	20.5	0.558
22.5	22.1	0.728
17.7	18.3	0.551
20.3	19.6	0.531
25	24.8	0.599
17	17.7	0.515
15.5	17.3	0.454
17.2	15.9	0.458
19.2	18.5	0.53
19.9	19.9	0.528
15.9	16.1	0.528
11.1	12.4	0.432
9.7	9.7	0.383
9.4	10.6	0.328
8.3	9.4	0.291
8.4	9.2	0.301
10.1	9.8	0.341
10	10.3	0.34
10.2	10.8	0.355
10	11.4	0.371
9.6	10.4	0.371
10.5	11.5	0.386
10.6	11	0.409
10.8	11.8	0.494
11.2	10.6	0.501
12	10.2	0.489
10.4	10.2	0.521
11.6	11.6	0.592
10.5	11.4	0.673
12.8	13.4	1.138
11.1	11.9	1.536
8.5	7.9	1.715
7.3	7.5	1.793
8.9	8.8	2.135
11.5	13.2	1.98
9.9	11.3	1.762
13.4	11.3	3.384
13.1	12.7	3.95
11.7	12.6	3.861
11.3	10.4	3.806
8.5	9.2	3.669
10.2	7.9	3.359
13.1	13.2	2.405
13.1	13.7	1.575
10.9	12	1.364
7.8	8.7	1.333
7.5	8.7	1.271
7	7.4	0.334
9.6	9.4	0.322
12.2	11.4	0.272
10.7	11.1	0.277
5.6	5.5	0.278
5.3	4	0.275
4	4.4	0.259
4.5	4.3	0.254
7.6	8.3	0.262
8.9	9	0.251
6.6	7.5	0.356
4.6	5.8	0.477
8.9	8.8	1.108
12.8	10.6	1.888
12.6	9.7	2.66
13.7	11.5	2.314
12.6	8.3	2.129
14.8	13.5	1.77
14.2	11.1	1.586
12.4	12.1	1.502
8.6	9.3	1.494
9.1	8.9	1.629
9.2	7.9	2.249
7.9	7.1	2.886
6.3	6.7	2.696
5.3	5.8	2.327
2.6	3.8	2.075
6.5	5.9	1.855
7.1	8.4	1.605
1.6	2	1.325
0.2	-0.4	1.192
4.7	5.9	1.084
5.5	7.1	0.983
0.9	2.4	1.084
-1.8	-0.7	1.647
-2.1	-0.9	2.486
-0.9	0.5	2.967
-1.2	0.3	3.012
0.7	1.7	2.74
1.9	3.2	2.596
0.9	1.1	2.395
1.8	2.6	2.355
5.4	4.2	2.495
7.6	8	2.425
3.5	4.3	2.205
2.3	2.8	2.035
2.4	2.3	2.045
3.3	3.4	2.035
3.6	4.2	1.955
2.7	3.6	1.835
1.7	2.8	1.645
0.3	-1.3	1.625
1.7	2	1.555
3.5	3.6	1.485
1.2	1.9	1.455
3.5	3.9	1.475
5.2	5.6	1.785
6.1	6.5	2.365
5.6	6.4	2.545
6	6.5	2.515
2.7	3.1	2.355
2.1	3.1	2.255
2.6	3.6	2.415
3.6	4.8	2.455
6.6	7.3	2.49
2.7	3.3	2.972
2.7	3.4	3.237
-1	0.3	3.477
-2.5	-1.3	3.517
-2.3	-1.6	3.394
-4.1	-4.6	3.163
-2.4	-4.4	2.9
-2.6	-3.2	2.92
-4.7	-4.5	2.84
-4.7	-4.1	2.14
-4.8	-2.9	1.816
-8.7	-8.9	1.856
-3.6	-2.4	1.836
-4.6	-3.7	1.966
-10.4	-12.8	2.266
-8.7	-7.1	2.086
-8.9	-8.6	1.986
-10	-11.7	1.856
-8.5	-8	1.786
-8.4	-11.7	1.729
-7.6	-10	1.921
-7.4	-8.4	2.105
-6.9	-7.3	1.653
-4.5	-3.3	1.958
-6.7	-3.3	1.669
-4	-3.2	1.409
-0.7	-0.3	1.417
1.7	2.8	1.336
1.8	1.8	1.508
1.3	1.2	1.558
0.2	2.1	1.548
1.5	2.1	1.626
2	3	1.817
0.6	-0.7	2.139
2.8	1.4	2.981
1.3	1.9	3.345
0.7	1	2.985
-0.1	0.7	2.673
-1.1	-0.2	2.4
-1	-0.5	2.198
-1.3	-0.9	2.203
2.6	3	1.598
2.7	3.4	1.395
1.7	1.9	1.524
1.3	1.5	1.944
4.2	3.7	3.092
7.6	5.6	4.654
1	1.7	4.086
-0.4	-0.1	4.626
1.3	2.2	6.456
-1.2	0.2	7.956
-3.2	-1.8	7.191
-2.7	-1.5	6.59
-2.7	-2.3	5.877
-2.9	-1.6	4.485
-1.9	-1.4	3.195
-4	-3.6	3.345
-3.8	-3.5	3.435
-4.7	-3.5	2.905
-1.4	-0.1	2.675
-2.1	-0.7	2.715
-1	0.3	2.705
1.3	2.4	2.555
1.1	2	2.671
1.5	2.6	3.549
1.3	3.2	5.517
2.4	4.3	8.521
3.4	5	13.029
4.5	5.9	26.767
4.1	5.1	33.153
4.9	6	31.347
5.8	6.5	26.274
8.2	8.5	20.97
6.9	7.5	17.793
4	5.2	18.495
4.1	5.2	19.001
3.1	4.3	14.861
3.9	4.7	12.576
3.1	4.5	12.468
3.1	4.2	13.376
4.8	5.6	22.667
6.5	7	22.374
6.2	7.2	24.174
4.7	4.7	21.674
3.8	6.1	17.974
4	5	15.074
1.3	2.4	12.869
0.1	1.6	10.699
2	2.6	9.18
3.8	4.3	8.838
5.3	6.3	7.646
0.1	1.7	6.387
-0.1	0.7	8.464
2.8	3.8	12.169
6.7	8.3	11.5
8.5	9.2	10.983
6.2	7.3	11.987
5.6	6.7	12.048
7.3	6.6	11.753
10.4	9.8	11.553
11.9	11.7	10.653
14.5	13.1	9.523
15.5	13.6	7.323
13.3	14.7	6.333
14.5	15.4	6.293
16.7	15.3	5.543
17.7	15.7	4.953
15.1	15.6	5.073
17.6	16.9	4.993
16.5	16.9	5.183
14.5	13.6	4.851
14.2	14.2	3.993
15	13.9	2.834
16.3	13.9	3.211
16.3	15.9	3.284
10.5	11	3.294
10.1	10.2	3.174
12.2	12.5	3.064
14.7	13.8	2.501
13.5	14.3	2.364
12.7	12.8	2.451
9.5	9.3	2.401
13.7	13.1	2.271
16.1	16	2.161
16.3	17.1	2.228
15.8	15.6	2.319
17.2	17.7	2.186
14.5	16.9	2.176
16.1	16.7	2.162
15.9	15.4	1.968
15.3	15.4	1.714
14.2	14.8	1.594
9.7	9.4	1.619
9.6	10.4	1.561
10.4	12.1	1.555
12.9	14.5	1.585
17.1	17	1.675
16.8	17	1.765
17.4	17.5	1.721
11.9	13.2	1.769
12.5	13.6	1.878
12.4	12.2	2.132
12.2	13.4	2.176
14.4	15	2.016
12.7	14.7	1.846
18.4	17.7	1.836
18.7	18.9	1.776
15.5	16.8	1.414
18.5	20.1	1.452
21.1	20	1.782
12.9	14.5	1.864
13.5	14.1	1.806
17.7	19.6	1.816
20.8	19.2	1.796
23.2	23.5	1.626
12.3	13.4	1.476
10.6	12.3	1.411
8.8	9.8	1.31
11	12.3	1.339
13	13.8	1.446
14.2	16.1	1.546
16.3	16.7	1.652
10.8	12.1	1.598
9.3	10.6	1.474
8.4	11.9	1.351
12.3	12.7	1.264
15.6	17.4	1.225
16.2	17.9	1.194
18.3	19.6	1.191
15.6	16.7	1.151
13.6	16	1.164
10	12.4	1.111
14.3	16.2	1.159
17.2	18.6	1.276
19.8	21.5	1.331
14	16.1	1.249
14.4	16.9	1.151
20.1	19.9	1.294
17.1	17.1	1.356
13.5	16	1.25
14.3	13.9	1.154
14.2	14.4	1.13
17.3	15.4	1.086
16.3	17.5	1.049
20.8	20.2	1.074
19.7	19.1	1.262
18.7	19.2	1.343
18.9	20	1.315
19.4	20	1.224
19.7	20.8	1.324
19.9	21.8	1.404
21.4	21.3	1.674
20.8	22.3	1.414
18.7	20.7	1.227
19.1	21.9	1.844
19.6	20.7	1.905
18.7	19.9	1.855
15.5	16.3	1.555
14.2	16.5	1.395
14.3	16.5	1.435
13.2	16.3	1.435
17.6	18	1.395
20.6	22	1.318
21.7	24.7	1.205
20.6	22.6	1.121
23.2	23.5	1.09
26.5	26.2	1.187
14.4	18.7	1.443
15.7	17.8	1.416
15.9	16	1.863
18.9	20.8	2.133
23.7	26.3	1.863
23.1	23.2	1.613
19.9	22.4	1.593
15.8	17.4	2.063
15.5	18.7	2.933
20.5	20.1	2.363
18.1	18.4	2.143
20.3	21.1	1.863
22.1	23	1.913
18.4	19.9	1.486
22.8	21.3	1.134
24.1	24.4	0.998
19.2	20.4	0.934
18.2	18.9	1.393
18.9	19.6	2.173
21.4	21.9	1.983
22.3	22.4	1.603
22	22.7	1.217
21.4	20.7	0.972
22.8	21.9	0.886
19	21.1	0.842
17.7	19.4	0.787
17.1	19.3	0.8
16.4	18.7	0.808
19.7	20.7	0.788
22.8	23	0.776
24.3	22.9	0.716
17.1	19.6	0.482
19.5	20.6	0.391
23.2	22.1	0.369
23.5	22.4	0.391
17.2	18.3	0.418
18.5	18	0.453
20	18.1	0.558
22.1	20.6	0.509
21.7	22.2	0.462
23.1	21.2	0.461
24.5	25.1	0.497
16.4	17.4	0.489
16.3	16.2	0.488
18.5	19.5	0.425
22.1	21.2	0.4
20.8	19.9	0.443
19.1	19.8	0.409
15.3	15.7	0.475
12.6	14	0.469
14.1	14.9	0.391
15.7	15.7	0.566
18.4	16.5	0.664
17.8	17	0.68
20.6	18.4	0.509
15.6	16.3	0.459
14.8	15.4	0.773
12.3	13.1	0.772
15.2	15.3	0.708
19.7	19.5	0.566
21.3	20	0.586
18.3	18.6	0.608
17.8	17.3	0.617
18.7	17	0.618
17.3	17.2	0.606
19.3	17.9	0.653
18.1	16.8	0.652
18.4	17	0.627
15.3	16.2	0.639
12.3	13.1	0.655
15.1	12.6	0.655
17.1	15.6	0.636
15.8	15.1	0.529
14	15.8	0.512
11.5	11.9	0.534
11.9	13.5	0.668
8.6	10.1	0.68
10.5	11.7	0.705
13.4	14.2	0.697
11.5	13.6	0.938
14.9	16	1.452
18.2	19.3	2.152
15.1	16.6	2.432
10	9.8	2.562
9.5	10.1	2.693
9.9	12	2.821
7.3	9	4.307
4.4	4.3	4.587
1.9	3.1	4.467
1.7	2.7	3.817
2	2.9	3.267
3	4.3	2.997
3.4	5	2.147
2.2	2.2	2.277
4.8	3.6	1.592
5.4	5.8	1.291
10.5	10.5	1.261
7.5	7.6	1.036
7.1	7.3	0.393
9.7	6.6	0.343
10.3	11.5	0.339
9.7	10.9	0.366
8.8	9.5	0.37
7	8.3	0.362
2.7	3.1	0.311
0.5	2.6	0.303
